310 cometem -· 0810111110

81 881811 Eo ³, 11. 11, 18. in comico 8111181818 81, 1,
11, 11. m 1, 11, oo 1 nep« 181

’ , emmam lymeumoo, 1,1. 811111118118188111,

8111181818 1111111188 81, 1, 184

1181 1111181118 81, 4, 141 881111188111181,1,188
1111188881,1,1.81·,1, 8111111181, 1, 111

, 881 1118118811 1, 11, 11 88- commemorationem EO 8, 101
11188 E 1, 1, 188 88181111181811111,18, 181 88
811118181111181 111, 18, 11 11. 8811118181811111181811 A 848

f ’ν ·”1. 11 1,18,11.1, 1, 188 mmmmm 1111111181. 1, 14

81118811811118181111818118 comminui 11181 18 gladiatore·
111811110118111 118111 1111811 8881111111871181111ι 818 mgno 1111811
affl? ’1018181111 1, 81 3811111113 -88111 11 ι,
81181 amieo· 81181111 811181, 18,18

8, 411 41. 8811881118 1118 noua A 181.
· 1118118181 1881181118 011181111 nomon 1811181118

ζ ' 111811118181,1,1.1,8, 114 88118881111101,88.181811111

(1). 8118111181 1818111 118118- comoedias 1, 4, 88
gulo A 818 881188181111 - 81181181 11118-

. ’ 811811118188181111141104, 1111111181,1,81

8, 11 pronuntiandum 8 1, 1,1 comparabile nil 111188 8 1, 8,
cisalpina 881181 0 4, 14, 10 44. 8811811111111 0 4, 1, 81
8111111111αο1, 11, 18 88118111881108 11.04,4,
ciuili 81 181111 81111818 01, ¹3 81 111818111188 881181·

11,8 11118 88118 8881811111 0 8,
111118181181118111111111118118 11, 18

81 11111118 A 18 881188111181811 8181111181, 1,
11 (111111.18881181,8,88 11
8111111111 18118101, 11, 81 8811111 1811 1881, iu 8118
11)ιῖῃέἓῖ 0381111111 18 1 ῗαξῗο ⁰⁵⁸⁰ mmmm
8111111118 80 1,1 ⁸ ’ 8811811111811181801, 8,14.
0181818181 111 1811181 118 1, 11, 1 ,
8888111111118]1111801,11 8818888801,88,11.81,18,
188888 mmmmm 8. 8111101, 11, 88. oon
ἓοωοωὶιιὲιιιδῖἶιῗ 8 1,1, 11 ἓξῖιβῖῗ 1301181111 011,
18111881118811181,4, 84 1,18. 1111101, 8, 18. 8,
1811118-8181801,1,11.1, 111

8, 18 81 11181 88181 111 811111111 01, 8,

ι 8818881118. 8118111 8188118 81. 8881111881. 181111 ooo·

1111 solio 8818811181111 1, 88811 iuri-iurandi 80 18, 4
1,11 concludit Ε 1, 1, 141
moa 88111111 nmo· 8 1, 1, 1 88888181818 1, 1, 148
8811118, oa 888111, 81, 1, 88. 881818181181,1,88188
monim 8881111 111, 1,181. 8811111811· genu· 81, 1, oo

 

