VIII , PRAEFATIO.
111 1111111111 113 1111111111 1111111111
, .1111101,177137301101111111111111
1111111111111111111111111111.(12111,111
1111111111 11 111 ι1 translatione„ 0 2,11215 11-
· 111111111111111 11 111 1111111111 1111111-
111111111113111111. 02, 6, 14 2,,.725 2,8,
11 111111 111 11 111111111111111111111 01 2,
111183117110111111111111111111111 03, 271
66. 4, 2 ,50111φᾶ11111 ’πληθύς hoc 111 11 1111111111
1111111 EO 2, 39. 16, 37ς 59 [separatio idest]
11111111181,5, 46. 1,,839 19117811, 6, 38
, 2,1,187.1111ι111 111111111111111111111111111111111
111 1111111111 qPorp hyrIon 1102,19,5111111111-
1111111113111111 11111 1111111111111.
81, 2, 1112 1111131111 1111111111111111111111
11111111111 adulteri non 1111111111111111111111

, 11111011111111108, 3, 89 111011111, 111 secutus
11111 atquo rationem sup 11 111111111111 101 111

1 · 111111 neeesse 111 1111111 11111 111111 11111 11111
1 , ’ ἐνεργῶς 11111111111111111 111111111111111111111111

apparebit 1111111111 02, 121128 totum hoc 111111,
11111111111111311111111111111104, 11,11
111 otiosum ἐνεργῶς dictum 111 11111 1111111111

1111 1111 scholia: 02, 1, 17 11111111111111111-
’ quentiae· Pollionem 111111 1111111111 111111111

; , . 1131111111111111111101 151111111111111-
; » “’ 111.11111111,1111ο1111111111111,011111 11111

111111, 1111111111111 11111111, 111 11 'hio 1111 111·

quentiae ἐνεργόν [11 1111111111],111111111111
νέργ ua 11111111.

11111 Latina 11111 1111111 1111111 1111 1111111111
probatur 11 11 111111111111111111 1111111111 ineptae
,11111 111111111102,6,14Η]11111111ιο11111
111111111111111111111ς111815, 12. 2,3,228;
281.111,8,142,2,3411114111111111111
,1111111 1111111111111, 111 0 4, 4, 111111111111
1111111101, 3511. 82, 21,513, carminibus Ηο1

- -1

 

