· 1111111- Annium 111

11111111111ὥ111181,1,11. 10,1. 8,11, 11. 11,
11111,1,11.1,·1,11. 1. 11111. 1,1; 4,
1, 4, 41. 1411 ⁸ 11,1. 1,11, Eo 1.
11111111 1111111111 1111111181, Β1,1,18; 11 1, 3
111· .. .. 11,111.1,1,11;11 1,
ww ΜΝ 11111111111111 ··
1811111111, 11. 1,11,1. 11. '1:1}1o,10 '

1,11, 1. 1, 11, 11 1111111111,1,111
in 11111(1ςτο)..11111111118 Ι1111111111111111111111, 1,.11
ιὲξοεῖἰιῃὶιι regione 110 1, 110. Ἳξῃτίὲῃωῗ lm flamm 0

17, 18 11111111111111111111 0 1, 8, 11
1111118111 11111111181,8,4ο. 1,4,
1111111111 mmmmm 111811 71. 1,10,1. 111,

num 1111111111 1111111111 181. ΕΟ 11, 48. 11111111·
’1 ’ρρῖτῖἷοω 1111111111 ἓῖῗῗ ξοιῗιὶιέὥ {¹²5⁰ss
«yoypacqmqa 111, 11, 11 1, 1, 1. 11.,111111111 1 1,
1111111.1111111Ο1,1,11. 1, 7,17. 1111.1111101,11,18

11,1. 11,1,1ο.111,1,11111111111111111,111,
14. 1,,1, 41, 11. 1,11,11. 111113111111111) domno
1111111111ιὲ1, 7, 84 an, 17. 1111111111 01,
&nomini . 1,11. 1111111111..ωο
ffissffl {⁰1 1111 ’ 1¹3b114⁶'⁷¹'⁸'⁶' mm
1111111111,’4,1’1 1111111ιὶ10 1,11,1
1111111101, 8, 8. 81, 1, 441 amori· fruminquinquepu·

11 1111111111 , Ι ,ton 1111111101,18,18
1111111111 tempore praetento αμφιροιία 1111111110 1, 11,
11111. 1,1,11 11. 1111111181, 4, 41.
1111311110 1,18,11. 1,1, 61 ωηρ1ι1ο1ω81,1,41. up-

1. 1,11,1;11. 1,11,1. 1111111101, 11, 11. 1,1,
11111. 1,1,11; 11. E 11. ωρ111οιοιιοι,11, 11.
1111111ιὲ11111..’11 11111 (1111. 111112
1111111101,14,1. 11111· 1111111191, 14, 10

1111108, 1118. 111111131- 1111111111111111111, 1, 181
11131, 11 111, 111 1111101111· ¹³

1, 11. mo, 1. 1,1,11. 1111111011. aua·

8, 11, 84. 81,1,11. 111, Ι,11111111181114
11111.θέ 11111· “⁰⁹¹¹'‘ 1111111 1111111 ¹⁶' ²⁹
1181115111ξέκαίιῖΙο 1., 14ὸ 14. 1, 1111111101111111181,8,11
11ἷ 1, 1, 1ΨέἝῖ affl} fflnfng'ss’orffim 111, 1, .
11. 1,1, 1. 1,1ο,1ο. 1, 141 ’

11
⁴2
³.
³. M

³2
4.
⁶·
³2
⁰.

*mua-um

 

