380 1111111111 - 1001111001

. 10111010 ducebantur 111 0111101 111 Uergilianus 11. 11000-
³ f · E 1, 11, 01 011101 10111011 E 1, 1, 111

in· manifestum 1 1, 1, 41 in 1111111111 no 11, 11

¹ ¹ , 1111011101111,1,100.101111100001 100011111101,1,

1111111111 E 1, 1, 10. iuri· 101. et. 1,1, 110

011110 01, 1, 01. 11 1,1, 108. 11100111 id 1111111011111111,
101 1111111 1011110011 reliquii· 1, 101

mortuorum, 01, 8, lues. lenocinio 11011 10100111101·

· . 1111001111,11,11111111111,1,11

1011000101 10111111 11111111· leporini colom 1011 Β 1, 1,11

’ . 11111101,11,11.1,1,11111111001111

11111110 111 1011111111 coher-
-11 00111
mamma-³ 1111111110
cum Δ 118 ,0011110101 011111111111 1110
1010111110810. 01, 0, 41. 01,1,1
Δ 14 0100111οο 11 1, 11, 11ἥμα1011101,11,0
18. 1, 11, 11 Libero 10111111 nonnulli· 10·
1111111011- 110111111, 1,114 signantur 0 1, 11, 00
111011ξί0111,1,100 “ 111111111011111101111.
1101111101 Α 101 (1). 01011101 es. 0110 01,1,11. 01, 1,
pat-Auo 11111111
1111111110 110011 8 1, 0, 00
ι ἓξίᾱὶῃειιω 110 111311 ⁸
1111 10111, -ι 1111111111-
Laboriosum -11111011111, 1, rum, 10011111 11 1, 10, 11. 11-
100 11111101 1111311111 11 1, 1, 01
ineuntem 1111111111 1, 11,11 1111111111· 1,1, 111 ‚
10111111 ’11 1011 1101011010 1111101 S 1, 1, 1001 100
aripuit 1,1,1 - 11110101111111η111
11111111 prius 11111101 101101 1110110111 0111101011111,1,110
1011110111 111101, 0, 1 111101011ρί1 S 1, 10, 00
1111111-11111111111,11,1ο 11111110 1, 1,1
limito 0100001011 1101101111 11111111ἓο1, 11, 1. qipa 11-
1, 10, 10 mm 10, 1
1111111110 0 1, 11,0 ludum litterarium 1111. 01,
1110111010 1111, qun 10111101 10, 10 ”

’Ῑ - praeatum 1111111ψο001111

1111111 1011013101,1,10. 1, 101010 0111111111 (1) Β 1, 1,1
1121111171οω 01,0, 1. 1111110 ι111711111111111114111111 111111-
Μωωᾋὶἐὲὂῃέ 1, ifflffugr'ogl’effmontenss 1,
1111111118οΜ0 Ε 1, 1, 111 1111111101 Β 1, 0, 10

11 11111011 01111111 EO 10, 11. 1101111001 11 1, 11, 11

 

