61116166- -on

611-6116616016, 11 obseruandum, 4,116
nigrore ιεὶιθεω6116116111 01, 6, 11, 6611661111111 6111611Ἰ11,11,
ιιὲἕὲῗοζωῡῖώηο, 11, ⁸⁸⁸⁸ ⁸⁸⁸ οὲξἶ 111ιῆ purtim ·
66611101,11,11. 81,1,11 odoramentum 01, 1, 44
11 coepe. nomen 11 1111111116 61161611 (1661111111, 6161161·
111,16,11 611)81,1,1
nomenclator, 11111 111161, 81, ub 6111161666 A 61
1,111 011661166161166111
nominatim 111, 1, 111 6661111111 6161111101, 11,
6661661161 1101, 16 11, 6101, 1, 16
u 6661611166 01, 6,11. ΕΟ 1161616666ι A⁸ 111, rodano
6,66. 1111161. 6111, 6101611
611616666111610161,1.6116111160’1,11,1.1,11,1
1,11,11. 4,4,14 opera Alexandri A⁸ 161
161111111161 cum ’1111111160 616616661661181, 1, 1(1)
1,,6 1. 1101111 (1) 61661666101,14,6
16661161 1611168 1 16, 46 (1) operurontur 1161611 robur 111,
nubilo 166116 01, 14, 6. nu· 1, 111
61161616161161011,’16,6 616161161116116 01,11,1
1161116116 A 141. 6611161168 opipnrm 6661101,’11,1
1,1, 11 . 6161161116 1111111611 1,
1161111-66111111, 6,1 101
numerum 1161616111, ⁸plurulin0 oppidulum 81, 6,11
1,,.611 1,,1111. 6, 1,.1 6166611111, ’“,161ι
4414 6011111111. 611116666168061
1’1,16,1 616116 6111161 ,1161111016
Numi⁸diou⁸r 6616661101,11,4 16. orationis 81,1,111
nummularius 81, 1, 89⁸ 66 liqna oratione Ι11116111 1
11666-1166161601,1,1111 Ρ611111111611611;,,,1181 , ·
pennino 6,161 .
6661161611· 11161116 1661111611 6111661111 mni· 81,1,111
,4111 16 ordinatione 6616166 81,
6611111111 666611 A 114 4,1
61161666111161101,1,11
0 2⁸n⁸er⁸⁸r⁸w⁸⁸⁸⁸⁸⁸⁸⁸⁸⁸⁸⁸⁸⁸⁸⁸
. 11
oboludum 16161 111, 1,166, 611161 1166Ψο1, 11,1. 1,
66616166 66111 ΕΟ 11, ⁸⁸. 1111, 16, 6
01.‚251;a 1611140
in 6111611661 1161111166 81, 616166 11116111, 11, 41
1,14 61166111 61111111, nonu
oblique 1111161110 11, 16. 0 ostenditur. 111 661161
1,1, 41. obliquo 61111610 111111· 116 6116611116611 611
11,1’6 16111111 111
6111611611 1661116666 0 1, 6111111601,14,11

1

A
16, 6 0111611166 111166 munitum
661116616661161106,61 611 116101, 11, 16 ὑ

- , r

 

