A 382 Metonynioo· - Neutro

166. 1116111111 per 11· tantum dieitur, 1111 quidquid
tonymim A: 1, 16,16. meto· memoriam 1116161110 1,1, 16
Ψέίᾱᾳυοάᾱηωοοςυί morae 11131611 0 1816, 6.
1111111111ὧο ⁹6 ἔξ 11, 6. Ao ’111111 mmm θ’ θ’
16,16. 111,16,16. 6,1,166 11161111 philosophia quae·

ζ“;Ι ¹ metn'on01,1⁹,1 1616111111,16,166

11111104, 1,161 11. Ao 1611161116 11611111,6, 114
11, 11.111,11,11116;11.1, multiplex 6 ἡ 61, 1, 1
1,111. A 11, 111 111 114. 1116161161, 1, 16. 11 1,
1111111111 1111111111 111116 1,166

161111 A} 1, 6, 61 111111 1111111 gladiatorum·
miliarium 1116111 (11111111 116111,1,166
0111161,6,46. 6111161111- 111116 66 muneror 110 6, 11
, geminum A 66 11111111 6111111 Ε 1, 1, 64

'3 - 11116111 111111 111, 16, 6. 111111111111111106, 66,

6611111101, 66,1. 111111· 1. 111,1,11
tium 0 6, 14, 64 musto-pingui 11116 61,4 66
111161,16, 16 11116111 11111, uu 11116
. 1111111161, 11, 61. 1,16, 1]1611111611116(111,16,6
1⁸3 11. maguum, 11, 41 mynum01,18,12. 1,11,1
1111616661111611161,4,14
6ἒ1121111111ἱ1911111 spectaculum N
11 61616116 nocentur o 1, manhu· 116116 61, 111.
A, 44 111101, 6, 6. 81,6, 41.
16111111111ισ4 ’ 1,1,11Ι 1,1, 16
11111111 11161106,66,1 1161111101 1616166111 0 1,
1111111111161,6,1616111· 11, 11
pe. 1111111168 1, 6, 4616 111111111606,16, 16 .
nffleepritiqnem 0 1,.14, 41 &mimz 812’‹A¹1A’c11⁶n¹itt⁸u 61,
11111166111111111606, 11, 6, 66. 11111 16 S 1,1, 11
, 1. modulatione· 011111 161- 1161111 1161101111. Β
11111106, 66, 16. 04,6, 1,6,1.1,16,6
66111111 A 461 (1) “ necromantiam 1166166 Eo 6, 1
1611116161· S 1, 16, 16111 1116611111 A'. 1, 11, 60
moduli· 1111611111 1111111110 1116111611 S 1,6 11
6,1, 61Η 6116111611, 11116111ῑί61
modo· 1111111111 tm 0 4, 16, 06,16, 1
. ἕο. 611ὶὸ1111116111111 1ο· 11111111111111111116111111111
· 1 1603111111111911151112616 116116 111111ἦέ ’1191ξί1111 3111104,
“ 1161, 1. 16611111116116 1,1. 4, 6, 16. ,4,1. 4, 4,

· um 11111 Ao 16, 14 11. 4,11,11
ssssmmossgssffib. 0 6, nm? &mgna ,011 ’688111168-
11,·66. 16111111111111 1111111611 0646

 

