81111111-811111111111 811

eonditor ciconiarum S 8, 8, 80 8, 8, 14. 888888118188188,
contingente 881818 81888118 F. 8, 88
1, 10, 40 · 108188881181,10,40
congelascit 11 1, 8, 8 88818888118 8111811811 08, 88,
88881881818188,8,810 18. ocmoediee Α 184
οὲ8818888,8,101.888818881 8111ωέ80188ωὲ 0 8, 80, 1. 4,1,
. 11, 111 . 1,
8881888118811111118008,18,8 8881188188881811111181,8,80 '
888188811801,8,18.88880ιὶ81 contemptibili· 0 1, 88, 10
coniunctionibus -8801011111 contemptorem niteo 01, 18, 81 ·
11881888111818101, 8, 88. 8881818818 ignobilium nobili·
1188881188 necte? 11 tte:
811111 ” ’
¹² 1 1 1
'concinnentium 11188118 1111188811·- 881· 888118881188881 0 8, 8, 8
tue: 1111 111811 pertinet qnod contendicentic 8111888 Β 1, 8,
1111108111111. 01,1, 111 ,
81.8,11,11. 1881101, 1111111111-11111111181,
11. 11, 41. 8, 8. t, 18. 08 et. 4,81.1,0,80.1,10,08. Ε
81,1,11ς811111.1,1,11; 1,18,1.1,1,118. 0818,
18111.1,18,11.11’11.81,8, c. 1,1,11. 1,1,18. 8,11,
11. 80 8, 18. 81, 1, 188 11.1,11,11.11011,48
1, 8, 110. 118181 18111818 8, 888111118τί1 B 1, 10, 74
1, 81. ei 88811881 Β 8, 8,8 111111111111101, 0,1. EO
...1 11111111
1111111111 81, 1, 1. 111. ὁ 1, 111111111111 1111111111 (118
11,11.8,11,11.1,1,1. 1, 8, 11
81,1,101. 1, 8, 81. 1, 0, cooperimentum 8881888108,
18.1,1,1.111,1,181.11 8,1ο
140. 8811111ηαί11. perfecti et oopinrii -81888111 Β 1, 8, 40
wifam& ww 31801ῐῶωέ imni, 11. ·
8, 88. 1, 8, ce. 1, 11, 181 481 1111110081
18. s 1, 8, 181. 1, 8, oc. 1, corripiendi· commotus 0
omnm 881
oomeqnenc erit leontio EO 4, cotnrno hernioc ii 8, 1, 880
8.888881888881101,0,18 cutonem 8181811408
mascator. contoden deon 888 credito 188 onom inponet S
888181181811118101,80,1 1, 8, 18
contignntoren 8818818188, qoem nomen creditum 1118
8, 08 Rcmnm 181111111181,1, 88
8881188810 88888881888, 4,8 &concion 180101,00,10
8881188181818 1, 8, 188 811188188188811181 S 1, 8, 88
οο818188111(111·8011111“) 8811188 cruciabili 0 1, 18, 4 ·
1, 1, 1. 1,1, 18. 1, 8, 88. 11 1181888811111811111101,
1, 11, 88810. 8881. ruins 81,0 .

11*

Μ.

 

